30
PQ782784.1 0.0000000 0.0447406 0.0381229 0.0273846 0.0172741 0.0826675 0.0514570 0.0110126 0.0499713 0.0312425 0.0502536 0.0674682 0.0128553 0.0669948 0.0509035 0.0227906 0.0816863 0.0614969 0.0161928 0.0634476 0.0312425 0.0635550 0.0482711 0.0096685 0.0288388 0.0035732 0.0656317 0.0959256 0.0759198 0.0277630 
PV256206.1 0.0447406 0.0000000 0.0184282 0.0243465 0.0155181 0.1053530 0.0298327 0.0094090 0.0546396 0.0382019 0.0506427 0.0780576 0.0103265 0.0464305 0.0480769 0.0268742 0.0934634 0.0472392 0.0129723 0.0615015 0.0382019 0.0870893 0.0573609 0.0467090 0.0180699 0.0513703 0.0704747 0.0851172 0.0700798 0.0420857 
PQ897219.1 0.0381229 0.0184282 0.0000000 0.0153944 0.0172936 0.0611366 0.0341199 0.0061398 0.0666409 0.0428396 0.0651679 0.0900126 0.0078454 0.0537581 0.0555891 0.0289084 0.1071349 0.0545800 0.0087783 0.0699961 0.0428396 0.0917571 0.0629312 0.0470097 0.0191071 0.0409863 0.0799065 0.0979339 0.0849140 0.0448461 
PV111332.1 0.0273846 0.0243465 0.0153944 0.0000000 0.0207529 0.0746691 0.0074131 0.0235437 0.0393668 0.0270415 0.0460270 0.0421986 0.0164192 0.0362275 0.0370261 0.0311423 0.0447014 0.0360998 0.0219530 0.0393655 0.0270415 0.0749897 0.0296235 0.0300708 0.0022820 0.0282151 0.0444839 0.0415211 0.0434737 0.0126260 
PQ797033.1 0.0172741 0.0155181 0.0172936 0.0207529 0.0000000 0.0696793 0.0236665 0.0094487 0.0577451 0.0272390 0.0327994 0.0557483 0.0103720 0.0499596 0.0507872 0.0287627 0.0577645 0.0486111 0.0141131 0.0476456 0.0272390 0.0632615 0.0401866 0.0180775 0.0164978 0.0199053 0.0522533 0.0634255 0.0611455 0.0358720 
AB603655.1 0.0826675 0.1053530 0.0611366 0.0746691 0.0696793 0.0000000 0.1292221 0.0535394 0.1458760 0.1006016 0.1670455 0.1832679 0.0656793 0.1233816 0.1254790 0.1008658 0.2003655 0.1094464 0.0792005 0.1360188 0.1006016 0.2095547 0.1409163 0.0777083 0.0815615 0.0798513 0.1615810 0.2511458 0.1805089 0.0724593 
PP237255.1 0.0514570 0.0298327 0.0341199 0.0074131 0.0236665 0.1292221 0.0000000 0.0216921 0.0407011 0.0380949 0.0609028 0.0615423 0.0155391 0.0508885 0.0377376 0.0311423 0.0725055 0.0518646 0.0208066 0.0538237 0.0380949 0.1005486 0.0454687 0.0500036 0.0030305 0.0529466 0.0665555 0.0605397 0.0444257 0.0143060 
PQ656938.1 0.0110126 0.0094090 0.0061398 0.0235437 0.0094487 0.0535394 0.0216921 0.0000000 0.0473270 0.0234271 0.0077835 0.0334348 0.0000010 0.0473270 0.0473270 0.0915764 0.0334348 0.0447775 0.0048955 0.0458137 0.0234271 0.0077187 0.0334348 0.0181531 0.0295677 0.0110126 0.0254307 0.1750463 0.0295692 0.0356671 
PQ554712.1 0.0499713 0.0546396 0.0666409 0.0393668 0.0577451 0.1458760 0.0407011 0.0473270 0.0000000 0.0262978 0.0593105 0.0181466 0.0578657 0.0009130 0.0027756 0.0052862 0.0192429 0.0065917 0.0540197 0.0116525 0.0262978 0.0312231 0.0192497 0.0546784 0.0350241 0.0514501 0.0227373 0.0905637 0.0180999 0.0162368 
PV076873.1 0.0312425 0.0382019 0.0428396 0.0270415 0.0272390 0.1006016 0.0380949 0.0234271 0.0262978 0.0000000 0.0371884 0.0083377 0.0297741 0.0340043 0.0290327 0.0330797 0.0166324 0.0289137 0.0253071 0.0332661 0.0000010 0.0349066 0.0107699 0.0311187 0.0285713 0.0311908 0.0075671 0.0780049 0.0220224 0.0126835 
PV256072.1 0.0502536 0.0506427 0.0651679 0.0460270 0.0327994 0.1670455 0.0609028 0.0077835 0.0593105 0.0371884 0.0000000 0.0799127 0.0095162 0.0803307 0.0794562 0.0311423 0.0963739 0.0838146 0.0119496 0.0969739 0.0371884 0.0855241 0.0631925 0.0485439 0.0199888 0.0543309 0.0726011 0.0933374 0.0776547 0.0356892 
PQ782809.1 0.0674682 0.0780576 0.0900126 0.0421986 0.0557483 0.1832679 0.0615423 0.0334348 0.0181466 0.0083377 0.0799127 0.0000000 0.0351467 0.0335577 0.0277488 0.0287559 0.0212071 0.0284424 0.0341785 0.0471631 0.0083377 0.0794140 0.0036300 0.0722694 0.0218412 0.0650438 0.0135978 0.0786619 0.0307985 0.0014956 
PV195286.1 0.0128553 0.0103265 0.0078454 0.0164192 0.0103720 0.0656793 0.0155391 0.0000010 0.0578657 0.0297741 0.0095162 0.0351467 0.0000000 0.0458702 0.0485019 0.0324659 0.0351467 0.0470434 0.0057393 0.0474627 0.0297741 0.0173419 0.0350612 0.0164217 0.0159153 0.0137096 0.0288606 0.0620051 0.0269511 0.0356671 
OR430114.1 0.0669948 0.0464305 0.0537581 0.0362275 0.0499596 0.1233816 0.0508885 0.0473270 0.0009130 0.0340043 0.0803307 0.0335577 0.0458702 0.0000000 0.0014530 0.0031342 0.0431771 0.0051020 0.0490301 0.0146799 0.0340043 0.0665513 0.0285265 0.0759424 0.0277394 0.0682649 0.0375166 0.0943713 0.0282856 0.0162368 
OQ891268.1 0.0509035 0.0480769 0.0555891 0.0370261 0.0507872 0.1254790 0.0377376 0.0473270 0.0027756 0.0290327 0.0794562 0.0277488 0.0485019 0.0014530 0.0000000 0.0015492 0.0346556 0.0044066 0.0506978 0.0114523 0.0290327 0.0582341 0.0267677 0.0558518 0.0287956 0.0520779 0.0326293 0.0689577 0.0256203 0.0162368 
OR497730.1 0.0227906 0.0268742 0.0289084 0.0311423 0.0287627 0.1008658 0.0311423 0.0915764 0.0052862 0.0330797 0.0311423 0.0287559 0.0324659 0.0031342 0.0015492 0.0000000 0.0308171 0.0031342 0.0442209 0.0031342 0.0330797 0.0450630 0.0308244 0.0268738 0.0312015 0.0247468 0.0289084 0.0248731 0.0268801 0.0915764 
PQ782653.1 0.0816863 0.0934634 0.1071349 0.0447014 0.0577645 0.2003655 0.0725055 0.0334348 0.0192429 0.0166324 0.0963739 0.0212071 0.0351467 0.0431771 0.0346556 0.0308171 0.0000000 0.0397249 0.0341785 0.0591250 0.0166324 0.0769394 0.0138255 0.0798822 0.0296323 0.0792606 0.0247032 0.0886751 0.0499642 0.0014956 
PP082086.1 0.0614969 0.0472392 0.0545800 0.0360998 0.0486111 0.1094464 0.0518646 0.0447775 0.0065917 0.0289137 0.0838146 0.0284424 0.0470434 0.0051020 0.0044066 0.0031342 0.0397249 0.0000000 0.0488587 0.0122117 0.0289137 0.0689553 0.0256233 0.0700221 0.0286529 0.0653401 0.0322205 0.0982424 0.0301365 0.0094119 
PQ812515.1 0.0161928 0.0129723 0.0087783 0.0219530 0.0141131 0.0792005 0.0208066 0.0048955 0.0540197 0.0253071 0.0119496 0.0341785 0.0057393 0.0490301 0.0506978 0.0442209 0.0341785 0.0488587 0.0000000 0.0495772 0.0253071 0.0139961 0.0354715 0.0208073 0.0256417 0.0172857 0.0265784 0.0833879 0.0279477 0.0463015 
OQ983818.1 0.0634476 0.0615015 0.0699961 0.0393655 0.0476456 0.1360188 0.0538237 0.0458137 0.0116525 0.0332661 0.0969739 0.0471631 0.0474627 0.0146799 0.0114523 0.0031342 0.0591250 0.0122117 0.0495772 0.0000000 0.0332661 0.0743191 0.0368610 0.0705661 0.0330028 0.0690957 0.0493178 0.1065075 0.0410442 0.0164696 
PV130052.1 0.0312425 0.0382019 0.0428396 0.0270415 0.0272390 0.1006016 0.0380949 0.0234271 0.0262978 0.0000010 0.0371884 0.0083377 0.0297741 0.0340043 0.0290327 0.0330797 0.0166324 0.0289137 0.0253071 0.0332661 0.0000000 0.0349066 0.0107699 0.0311187 0.0285713 0.0311908 0.0075671 0.0780049 0.0220224 0.0126835 
PQ782692.1 0.0635550 0.0870893 0.0917571 0.0749897 0.0632615 0.2095547 0.1005486 0.0077187 0.0312231 0.0349066 0.0855241 0.0794140 0.0173419 0.0665513 0.0582341 0.0450630 0.0769394 0.0689553 0.0139961 0.0743191 0.0349066 0.0000000 0.0498084 0.0702678 0.0469660 0.0673779 0.0771209 0.1421542 0.0644175 0.0315872 
PQ782438.1 0.0482711 0.0573609 0.0629312 0.0296235 0.0401866 0.1409163 0.0454687 0.0334348 0.0192497 0.0107699 0.0631925 0.0036300 0.0350612 0.0285265 0.0267677 0.0308244 0.0138255 0.0256233 0.0354715 0.0368610 0.0107699 0.0498084 0.0000000 0.0495229 0.0227750 0.0470928 0.0105854 0.0709580 0.0208014 0.0014956 
PQ782870.1 0.0096685 0.0467090 0.0470097 0.0300708 0.0180775 0.0777083 0.0500036 0.0181531 0.0546784 0.0311187 0.0485439 0.0722694 0.0164217 0.0759424 0.0558518 0.0268738 0.0798822 0.0700221 0.0208073 0.0705661 0.0311187 0.0702678 0.0495229 0.0000000 0.0307687 0.0104680 0.0696602 0.0958350 0.0840980 0.0297536 
PQ097984.1 0.0288388 0.0180699 0.0191071 0.0022820 0.0164978 0.0815615 0.0030305 0.0295677 0.0350241 0.0285713 0.0199888 0.0218412 0.0159153 0.0277394 0.0287956 0.0312015 0.0296323 0.0286529 0.0256417 0.0330028 0.0285713 0.0469660 0.0227750 0.0307687 0.0000000 0.0298342 0.0245513 0.0502102 0.0136396 0.0179067 
PQ782302.1 0.0035732 0.0513703 0.0409863 0.0282151 0.0199053 0.0798513 0.0529466 0.0110126 0.0514501 0.0311908 0.0543309 0.0650438 0.0137096 0.0682649 0.0520779 0.0247468 0.0792606 0.0653401 0.0172857 0.0690957 0.0311908 0.0673779 0.0470928 0.0104680 0.0298342 0.0000000 0.0641165 0.0980217 0.0842958 0.0277630 
PQ782679.1 0.0656317 0.0704747 0.0799065 0.0444839 0.0522533 0.1615810 0.0665555 0.0254307 0.0227373 0.0075671 0.0726011 0.0135978 0.0288606 0.0375166 0.0326293 0.0289084 0.0247032 0.0322205 0.0265784 0.0493178 0.0075671 0.0771209 0.0105854 0.0696602 0.0245513 0.0641165 0.0000000 0.0846601 0.0335502 0.0077231 
PQ454920.1 0.0959256 0.0851172 0.0979339 0.0415211 0.0634255 0.2511458 0.0605397 0.1750463 0.0905637 0.0780049 0.0933374 0.0786619 0.0620051 0.0943713 0.0689577 0.0248731 0.0886751 0.0982424 0.0833879 0.1065075 0.0780049 0.1421542 0.0709580 0.0958350 0.0502102 0.0980217 0.0846601 0.0000000 0.0759494 0.1360438 
PQ782693.1 0.0759198 0.0700798 0.0849140 0.0434737 0.0611455 0.1805089 0.0444257 0.0295692 0.0180999 0.0220224 0.0776547 0.0307985 0.0269511 0.0282856 0.0256203 0.0268801 0.0499642 0.0301365 0.0279477 0.0410442 0.0220224 0.0644175 0.0208014 0.0840980 0.0136396 0.0842958 0.0335502 0.0759494 0.0000000 0.0093347 
PQ656875.1 0.0277630 0.0420857 0.0448461 0.0126260 0.0358720 0.0724593 0.0143060 0.0356671 0.0162368 0.0126835 0.0356892 0.0014956 0.0356671 0.0162368 0.0162368 0.0915764 0.0014956 0.0094119 0.0463015 0.0164696 0.0126835 0.0315872 0.0014956 0.0297536 0.0179067 0.0277630 0.0077231 0.1360438 0.0093347 0.0000000 
